836 1212
836 1232
816 1232
796 1232
796 1212
816 1212
816 1192
816 1172
796 1192
776 1192
776 1172
756 1192
736 1192
716 1192
696 1192
676 1192
656 1192
656 1212
636 1212
616 1212
596 1212
576 1212
576 1192
596 1192
1296 1112
1296 1132
1296 1152
1276 1152
1256 1152
1256 1132
1276 1132
1316 1152
1316 1132
1336 1132
1276 1172
1256 1172
1236 1172
1216 1172
1196 1172
1176 1172
1156 1172
1136 1172
1116 1172
1096 1172
1076 1172
1056 1172
1036 1172
1016 1172
996 1172
976 1172
956 1172
936 1172
916 1172
896 1172
956 1152
976 1152
1296 1172
1316 1172
1336 1172
1356 1172
1376 1172
1396 1172
1396 1192
1376 1192
1356 1192
1336 1192
1316 1192
1296 1192
1116 1152
1116 1132
1096 1132
1076 1132
1056 1132
1056 1112
1036 1112
1016 1112
996 1112
996 1092
996 1072
996 1052
976 1072
956 1072
936 1072
936 1052
916 1052
916 1072
896 1072
876 1072
856 1072
836 1072
816 1072
796 1072
796 1052
776 1052
776 1032
756 1032
736 1032
716 1032
716 1012
696 1012
676 1012
996 1152
936 1152
916 1152
896 1152
876 1152
856 1152
836 1152
816 1152
796 1152
776 1152
756 1152
736 1152
716 1152
696 1152
676 1152
656 1152
636 1152
616 1152
596 1152
576 1152
1636 1212
1636 1192
1616 1192
1616 1172
1616 1152
1636 1152
1656 1152
1656 1132
1636 1132
1636 1112
1616 1112
1596 1112
1576 1112
1556 1112
1536 1112
1536 1132
1516 1132
1496 1132
1476 1132
1456 1132
1436 1132
1416 1132
1416 1112
1416 1092
1396 1092
1376 1092
1356 1092
1336 1092
1316 1092
1296 1092
1276 1092
1256 1092
1236 1092
1216 1092
1196 1092
1176 1092
1156 1092
1136 1092
1116 1092
1096 1092
1076 1092
1056 1092
1036 1092
1016 1092
976 1092
956 1092
936 1092
916 1092
896 1092
876 1092
856 1092
836 1092
816 1092
796 1092
776 1092
756 1092
736 1092
716 1092
776 1072
756 1072
736 1072
716 1072
696 1072
696 1052
696 1032
716 992
1596 1232
1616 1232
1636 1232
1656 1212
1656 1192
1656 1172
1676 1172
1676 1152
1696 1152
1716 1152
1716 1132
1716 1112
1716 1092
1696 1092
1676 1092
1676 1072
1656 1072
1656 1092
1636 1092
1616 1092
1596 1092
1576 1092
1556 1092
1536 1092
1516 1092
1496 1092
1476 1092
1456 1092
1456 1072
1456 1052
1436 1052
1436 1072
1476 1072
1496 1072
1516 1072
1536 1072
1556 1072
1516 1112
1496 1112
1476 1112
1456 1112
1436 1112
1396 1112
1376 1112
1356 1112
1336 1112
1316 1112
1276 1112
1256 1112
1236 1112
1216 1072
1196 1072
1176 1072
1156 1072
1136 1072
1116 1072
1096 1072
1076 1072
736 1112
716 1112
756 1112
776 1112
796 1112
796 1132
776 1132
816 1132
836 1132
816 1112
836 1112
856 1112
876 1112
896 1112
916 1112
896 1132
916 1132
936 1132
956 1132
976 1132
996 1132
1016 1132
1036 1132
1076 1152
1096 1152
1056 1152
1036 1152
876 1132
856 1132
756 1132
736 1132
716 1132
696 1132
676 1132
656 1132
836 1172
596 1132
1096 1192
1076 1192
1116 1192
1136 1192
1156 1192
1176 1192
1196 1192
1216 1192
1236 1192
1256 1192
1276 1192
1416 1192
1436 1192
1456 1192
1456 1212
1456 1232
1436 1232
1436 1212
836 1192
996 1192
976 1192
976 1212
976 1232
956 1232
936 1232
916 1232
896 1232
876 1232
856 1232
856 1212
856 1192
696 1212
696 1232
676 1232
656 1232
636 1232
936 1192
936 1212
936 1252
916 1252
896 1252
896 1272
896 1292
876 1272
876 1252
876 1212
876 1192
876 1172
556 1152
536 1152
1016 1272
996 1272
976 1272
956 1272
936 1272
916 1272
856 1272
836 1272
816 1272
796 1272
776 1272
776 1252
756 1252
736 1252
716 1252
696 1252
676 1252
656 1252
656 1272
656 1292
636 1292
636 1312
616 1312
1136 1132
1156 1132
1156 1152
1176 1152
1176 1132
1196 1132
1216 1132
1216 1152
1236 1152
1236 1132
1196 1152
1136 1152
1016 1152
1236 1072
1236 1052
1236 1032
1236 1012
1236 992
1236 972
1236 872
1236 852
1236 832
1236 812
1236 792
1236 772
1236 732
1216 732
1216 712
836 1252
816 1252
956 1252
956 1212
856 1252
796 1252
756 1232
736 1232
716 1232
696 1272
676 1272
636 1272
616 1272
616 1252
596 1252
596 1232
576 1232
576 1252
556 1252
536 1252
536 1272
536 1292
536 1232
956 1192
636 1132
1696 1112
1696 1132
1596 1152
1576 1152
1556 1152
1536 1152
1516 1152
1496 1152
1476 1152
1456 1152
1436 1152
1416 1152
1396 1152
1376 1152
1356 1152
1336 1152
916 1192
916 1212
776 1232
636 1192
636 1172
676 1112
696 1112
696 1172
696 1092
696 992
696 972
696 952
696 932
696 912
1736 1112
1736 1132
1676 1132
1616 1132
1596 1132
1576 1132
1556 1132
1396 1132
1376 1132
1356 1132
996 1212
1016 1212
1036 1212
1056 1212
1076 1212
1096 1212
1096 1232
1076 1232
1056 1232
1036 1232
1016 1232
996 1232
776 1212
756 1212
736 1212
716 1212
736 1172
676 1092
656 1092
636 1092
636 1112
676 1212
656 1172
656 1112
656 1072
656 1052
656 1032
656 1012
656 992
656 972
656 952
656 932
656 912
656 892
736 1012
736 992
736 972
736 952
736 932
756 952
776 952
796 952
816 952
836 952
856 952
856 932
876 932
876 952
856 912
836 912
816 912
796 912
796 892
776 892
776 912
756 912
756 892
756 872
736 872
716 872
696 872
676 872
656 872
656 852
636 852
636 872
696 852
716 1052
716 972
756 1012
776 1012
756 992
736 1052
676 1072
676 1052
676 1032
676 992
676 972
676 952
636 992
636 1012
636 1032
616 1032
596 1032
576 1032
556 1032
536 1032
536 1012
796 1012
816 1012
836 1012
836 992
856 992
856 972
836 972
816 972
796 972
776 972
756 972
756 932
896 1192
1016 1072
1036 1072
1096 832
1096 852
1076 852
1076 872
1076 892
1076 912
1076 932
1076 952
1076 972
1076 992
1076 1012
1076 1032
1076 1052
1076 1112
936 1112
2056 1232
2056 1212
2056 1192
2036 1192
1816 1192
996 832
976 832
976 852
976 872
976 892
976 912
976 932
976 952
976 972
976 992
976 1012
976 1032
976 1052
976 1112
1796 1212
1796 1192
1816 1172
796 872
816 872
836 872
856 872
876 872
896 872
916 872
936 872
956 872
996 872
1016 872
1036 872
1056 872
1056 892
1056 912
1056 932
1056 952
1056 972
1056 992
1056 1012
1056 1032
1056 1052
1056 1072
956 1112
796 1172
1296 1072
1216 1112
1196 1112
1176 1112
1156 1112
1136 1112
1116 1112
1096 1112
616 1132
576 1132
1276 1072
1256 1072
636 1072
616 1072
616 1092
616 1112
616 1172
616 1192
616 1232
676 1172
776 1232
776 1232
776 1252
756 1252
736 1252
716 1252
716 1252
696 1252
676 1252
676 1252
656 1252
656 1252
656 1252
636 1252
636 1252
636 1252
636 1252
656 1252
656 1272
656 1272
656 1272
656 1272
656 1272
656 1252
656 1252
656 1232
656 1212
656 1192
656 1172
656 1152
656 1132
656 1112
656 1092
656 1072
676 1072
676 1072
696 1072
716 1072
736 1072
756 1072
776 1072
796 1072
816 1072
836 1072
856 1072
876 1072
896 1072
916 1072
936 1072
956 1072
976 1072
996 1072
1016 1072
1036 1072
1056 1072
1076 1072
1096 1072
1116 1072
1136 1072
1136 1072
1136 1092
1136 1092
1156 1092
1156 1092
1176 1092
1196 1092
1196 1112
1196 1112
1196 1132
1196 1152
1196 1172
1196 1192
1196 1212
1196 1232
1196 1252
1196 1272
1176 1272
1176 1272
1156 1272
1136 1272
1116 1272
1096 1272
1076 1272
1056 1272
1036 1272
1016 1272
996 1272
976 1272
956 1272
936 1272
916 1272
896 1272
876 1272
856 1272
836 1272
816 1272
796 1272
776 1272
756 1272
756 1272
756 1272
756 1272
756 1272
756 1272
756 1272
1196 1072
1196 1072
1196 1072
1196 1092
1196 1092
1196 1112
1196 1132
1196 1132
1176 1132
1176 1132
1156 1132
1136 1132
1116 1132
1096 1132
1076 1132
1056 1132
1036 1132
1016 1132
996 1132
976 1132
956 1132
936 1132
916 1132
896 1132
876 1132
856 1132
836 1132
816 1132
796 1132
776 1132
756 1132
736 1132
716 1132
716 1152
716 1172
716 1172
716 1192
716 1212
716 1232
716 1252
716 1272
716 1292
716 1292
716 1272
716 1272
716 1252
716 1252
716 1232
716 1232
716 1212
716 1192
716 1172
716 1152
716 1132
716 1112
716 1092
716 1092
716 1092
716 1092
736 1092
736 1092
736 1092
716 1092
716 1092
716 1072
716 1072
716 1052
716 1052
716 1072
696 1072
696 1072
716 1072
736 1072
736 1072
756 1072
776 1072
796 1072
816 1072
836 1072
856 1072
876 1072
896 1072
916 1072
936 1072
956 1072
976 1072
996 1072
1016 1072
1036 1072
1056 1072
1076 1072
1076 1072
1076 1072
1076 1052
1076 1032
1076 1012
1076 992
1076 992
1076 972
1076 952
1076 932
1076 912
1076 892
1076 872
1076 852
1076 832
1076 812
1096 812
1096 812
1116 812
1136 812
1156 812
1176 812
1196 812
1216 812
1236 812
1256 812
1276 812
1296 812
1296 812
1296 812
1296 812
1296 812
1296 812
1296 812
1296 812
1296 812
1296 812
1296 812
1296 812
1296 832
1296 832
1296 852
1296 872
1296 892
1296 912
1296 932
1296 952
1296 972
1296 992
1296 1012
1296 1032
1296 1052
1296 1072
1296 1092
1296 1112
1296 1132
1296 1152
1296 1152
1296 1152
1296 1152
1296 1152
1296 1152
